

10, 1.4617, 0.4024
1, 1.3952, 0.3874
20, 1.1635, 0.3905
1, 1.1292, 0.3598
30, 0.8567, 0.4846
1, 0.8455, 0.4525
40, 0.5554, 0.5324
1, 0.5380, 0.4968
50, 0.3590, 0.5871
1, 0.3810, 0.5620
60, 0.3126, 0.6159
1, 0.3108, 0.6129
70, 0.2520, 0.6779
1, 0.2720, 0.6618
80, 0.2670, 0.6476
1, 0.2262, 0.6660
90, 0.2653, 0.6728
1, 0.2054, 0.6936
100, 0.2195, 0.7207
1, 0.2064, 0.6715
110, 0.1667, 0.7329
1, 0.2422, 0.6703
120, 0.2561, 0.7000
1, 0.2589, 0.6796
130, 0.2308, 0.6912
1, 0.1858, 0.7044
140, 0.2107, 0.7226
1, 0.2383, 0.7268
150, 0.1948, 0.7147
1, 0.2156, 0.7312
0, 75.7426

10, 0.1929, 0.7349
1, 0.2084, 0.7250
20, 0.1875, 0.7439
1, 0.2090, 0.7338
30, 0.1821, 0.7459
1, 0.2204, 0.6953
40, 0.1755, 0.7587
1, 0.1780, 0.7532
50, 0.1599, 0.7456
1, 0.1764, 0.7289
60, 0.1915, 0.7268
1, 0.2292, 0.7269
70, 0.1937, 0.7486
1, 0.1955, 0.7313
80, 0.2198, 0.7394
1, 0.1754, 0.7575
90, 0.2058, 0.7366
1, 0.1966, 0.7337
100, 0.2117, 0.7162
1, 0.1571, 0.7648
110, 0.1800, 0.7638
1, 0.1938, 0.7614
120, 0.1694, 0.7453
1, 0.2173, 0.7380
130, 0.2287, 0.7202
1, 0.1763, 0.7532
140, 0.2286, 0.7598
1, 0.1884, 0.7641
150, 0.1633, 0.7621
1, 0.1762, 0.7505
1, 29.3762

0.7521

10, 0.2084, 0.7524
1, 0.1915, 0.7531
20, 0.1869, 0.7580
1, 0.1541, 0.7746
30, 0.1819, 0.7479
1, 0.1990, 0.7377
40, 0.1758, 0.7591
1, 0.1708, 0.7627
50, 0.1651, 0.7746
1, 0.1693, 0.7323
60, 0.2031, 0.7636
1, 0.1892, 0.7651
70, 0.1730, 0.7569
1, 0.1618, 0.7528
80, 0.1768, 0.7657
1, 0.1817, 0.7654
90, 0.1809, 0.7692
1, 0.1722, 0.7665
100, 0.1926, 0.7659
1, 0.1760, 0.7352
110, 0.1797, 0.7536
1, 0.1751, 0.7605
120, 0.1783, 0.7567
1, 0.1481, 0.7481
130, 0.2116, 0.7761
1, 0.1704, 0.7782
140, 0.1602, 0.7733
1, 0.1630, 0.7750
150, 0.1649, 0.7750
1, 0.1639, 0.7873
2, 26.8420

0.7710

10, 0.1623, 0.7776
1, 0.1567, 0.7813
20, 0.1587, 0.7781
1, 0.1939, 0.7713
30, 0.1695, 0.7872
1, 0.1677, 0.7772
40, 0.1677, 0.7684
1, 0.1748, 0.7570
50, 0.1747, 0.7790
1, 0.1617, 0.7789
60, 0.1442, 0.7889
1, 0.1934, 0.7581
70, 0.1330, 0.7874
1, 0.1818, 0.7494
80, 0.1761, 0.7664
1, 0.1625, 0.7789
90, 0.1709, 0.7880
1, 0.1468, 0.7709
100, 0.1783, 0.7715
1, 0.2016, 0.7704
110, 0.1729, 0.7754
1, 0.1583, 0.7846
120, 0.1472, 0.7782
1, 0.1839, 0.7605
130, 0.2078, 0.7671
1, 0.1504, 0.8021
140, 0.1953, 0.7947
1, 0.1520, 0.7791
150, 0.1815, 0.7879
1, 0.1598, 0.7822
3, 25.5803

0.7766

10, 0.1543, 0.7788
1, 0.1590, 0.7802
20, 0.1482, 0.7923
1, 0.1755, 0.7844
30, 0.1511, 0.7793
1, 0.1913, 0.7623
40, 0.1506, 0.7815
1, 0.1570, 0.7873
50, 0.1502, 0.7830
1, 0.1587, 0.7923
60, 0.1819, 0.7763
1, 0.1657, 0.7681
70, 0.1520, 0.7818
1, 0.1588, 0.7798
80, 0.1555, 0.7721
1, 0.1778, 0.7829
90, 0.1703, 0.7760
1, 0.1749, 0.7850
100, 0.1515, 0.7880
1, 0.1365, 0.8044
110, 0.1730, 0.7801
1, 0.1467, 0.7685
120, 0.1266, 0.8017
1, 0.1737, 0.7925
130, 0.1703, 0.7835
1, 0.1790, 0.7658
140, 0.1752, 0.7935
1, 0.1392, 0.7854
150, 0.1355, 0.7964
1, 0.1629, 0.7882
4, 24.8237

0.7836

10, 0.1483, 0.7950
1, 0.1709, 0.7814
20, 0.1623, 0.7774
1, 0.1869, 0.7887
30, 0.1862, 0.7730
1, 0.1701, 0.7738
40, 0.1714, 0.7942
1, 0.1485, 0.8019
50, 0.1540, 0.7735
1, 0.1412, 0.7919
60, 0.1827, 0.7774
1, 0.1756, 0.7802
70, 0.1610, 0.7819
1, 0.1489, 0.7933
80, 0.1481, 0.7990
1, 0.1458, 0.7862
90, 0.1498, 0.7750
1, 0.1596, 0.7907
100, 0.1394, 0.8033
1, 0.1764, 0.7815
110, 0.1483, 0.8034
1, 0.1479, 0.7993
120, 0.1473, 0.7938
1, 0.1635, 0.7830
130, 0.1755, 0.7671
1, 0.1803, 0.7810
140, 0.1800, 0.7793
1, 0.1762, 0.7766
150, 0.1324, 0.7969
1, 0.1589, 0.7811
5, 24.3298

0.7872

10, 0.1664, 0.7564
1, 0.1750, 0.7825
20, 0.1893, 0.7904
1, 0.1824, 0.7881
30, 0.1436, 0.7999
1, 0.1547, 0.7891
40, 0.1439, 0.7930
1, 0.1835, 0.7832
50, 0.1500, 0.7776
1, 0.1501, 0.7971
60, 0.1460, 0.8186
1, 0.1635, 0.7830
70, 0.1507, 0.7990
1, 0.1394, 0.7980
80, 0.1583, 0.7896
1, 0.1639, 0.7769
90, 0.1587, 0.7790
1, 0.1722, 0.7633
100, 0.1493, 0.8013
1, 0.1681, 0.7773
110, 0.1710, 0.7895
1, 0.1710, 0.7857
120, 0.1388, 0.7943
1, 0.1224, 0.7918
130, 0.1375, 0.8102
1, 0.1751, 0.7851
140, 0.1699, 0.7822
1, 0.1551, 0.7863
150, 0.1553, 0.7914
1, 0.1492, 0.7983
6, 23.9940

0.7912

10, 0.1263, 0.8120
1, 0.1689, 0.7834
20, 0.1884, 0.7722
1, 0.1577, 0.8001
30, 0.1409, 0.7947
1, 0.1315, 0.7779
40, 0.1417, 0.7817
1, 0.1440, 0.8051
50, 0.1512, 0.7809
1, 0.1750, 0.7954
60, 0.1216, 0.8004
1, 0.1405, 0.7830
70, 0.1413, 0.7914
1, 0.1684, 0.7731
80, 0.1397, 0.8116
1, 0.1557, 0.7629
90, 0.1454, 0.7805
1, 0.1418, 0.7946
100, 0.1536, 0.8068
1, 0.1414, 0.7867
110, 0.1288, 0.8078
1, 0.1616, 0.7881
120, 0.1565, 0.8003
1, 0.1677, 0.7709
130, 0.1784, 0.7962
1, 0.1548, 0.7727
140, 0.1411, 0.8010
1, 0.1498, 0.7731
150, 0.1724, 0.8100
1, 0.1645, 0.7768
7, 23.7460

0.7928

10, 0.1522, 0.7865
1, 0.1778, 0.7780
20, 0.1304, 0.8158
1, 0.1587, 0.7800
30, 0.1363, 0.8038
1, 0.1816, 0.7645
40, 0.1259, 0.7899
1, 0.1522, 0.7851
50, 0.1538, 0.7851
1, 0.1658, 0.7861
60, 0.1720, 0.7990
1, 0.1986, 0.7675
70, 0.1870, 0.7933
1, 0.1790, 0.7763
80, 0.1348, 0.7934
1, 0.1722, 0.7921
90, 0.1807, 0.7922
1, 0.1940, 0.7963
100, 0.1302, 0.8070
1, 0.1290, 0.7970
110, 0.1544, 0.7843
1, 0.1641, 0.7827
120, 0.1581, 0.7848
1, 0.1630, 0.7758
130, 0.1309, 0.7988
1, 0.1491, 0.7880
140, 0.1422, 0.8067
1, 0.1438, 0.7965
150, 0.1508, 0.7856
1, 0.1552, 0.7788
8, 23.4027

0.7956

10, 0.1461, 0.8094
1, 0.1815, 0.7937
20, 0.1685, 0.7868
1, 0.1378, 0.7905
30, 0.1842, 0.7977
1, 0.1352, 0.7962
40, 0.1639, 0.7907
1, 0.1786, 0.7882
50, 0.1172, 0.8146
1, 0.1278, 0.7818
60, 0.1446, 0.8056
1, 0.1601, 0.7794
70, 0.1814, 0.7980
1, 0.1262, 0.8053
80, 0.1528, 0.7841
1, 0.1639, 0.8119
90, 0.1458, 0.8117
1, 0.1517, 0.8004
100, 0.1494, 0.7945
1, 0.1555, 0.7811
110, 0.1509, 0.7940
1, 0.1642, 0.7856
120, 0.1461, 0.8077
1, 0.1814, 0.8063
130, 0.1499, 0.7776
1, 0.1734, 0.7785
140, 0.1677, 0.7950
1, 0.1424, 0.7936
150, 0.1485, 0.8030
1, 0.1255, 0.7996
9, 23.1576

0.7969

10, 0.1417, 0.7822
1, 0.1534, 0.7910
20, 0.1600, 0.7887
1, 0.1511, 0.8060
30, 0.1604, 0.7996
1, 0.1428, 0.7964
40, 0.1421, 0.7924
1, 0.1658, 0.8039
50, 0.1382, 0.8097
1, 0.1788, 0.7903
60, 0.1303, 0.7960
1, 0.1493, 0.7817
70, 0.1425, 0.7847
1, 0.1466, 0.7972
80, 0.1472, 0.7912
1, 0.1318, 0.7979
90, 0.1488, 0.8170
1, 0.1227, 0.7907
100, 0.1294, 0.8040
1, 0.1274, 0.8017
110, 0.1389, 0.8099
1, 0.1200, 0.8064
120, 0.1322, 0.8022
1, 0.1516, 0.7826
130, 0.1489, 0.8123
1, 0.1385, 0.8144
140, 0.1395, 0.8065
1, 0.1571, 0.8070
150, 0.1385, 0.8037
1, 0.1304, 0.8066
10, 22.9456

0.7986

10, 0.1573, 0.8011
1, 0.1438, 0.7960
20, 0.1389, 0.7947
1, 0.1645, 0.7917
30, 0.1258, 0.8128
1, 0.1734, 0.7829
40, 0.1702, 0.7839
1, 0.1647, 0.7865
50, 0.1806, 0.7926
1, 0.1219, 0.7989
60, 0.1479, 0.8094
1, 0.1539, 0.7957
70, 0.1624, 0.8145
1, 0.1592, 0.7749
80, 0.1324, 0.8041
1, 0.1792, 0.7875
90, 0.1188, 0.8042
1, 0.1595, 0.7968
100, 0.1235, 0.8135
1, 0.1556, 0.7921
110, 0.1623, 0.7931
1, 0.1506, 0.7916
120, 0.1448, 0.7851
1, 0.1673, 0.7671
130, 0.1413, 0.8032
1, 0.1437, 0.7819
140, 0.1092, 0.8051
1, 0.1422, 0.7949
150, 0.1356, 0.7863
1, 0.1400, 0.7972
11, 22.7701

0.7998

10, 0.1486, 0.7939
1, 0.1480, 0.8059
20, 0.1647, 0.8032
1, 0.1603, 0.8032
30, 0.1525, 0.8093
1, 0.1446, 0.8043
40, 0.1010, 0.8079
1, 0.1611, 0.7891
50, 0.1463, 0.8052
1, 0.1469, 0.8006
60, 0.1215, 0.8173
1, 0.1236, 0.7981
70, 0.1517, 0.7944
1, 0.1203, 0.8069
80, 0.1605, 0.8067
1, 0.1511, 0.7909
90, 0.1396, 0.8000
1, 0.1320, 0.8037
100, 0.1384, 0.8020
1, 0.1492, 0.7889
110, 0.1820, 0.7898
1, 0.1206, 0.7939
120, 0.1485, 0.8122
1, 0.1216, 0.7937
130, 0.1402, 0.8012
1, 0.1803, 0.7738
140, 0.1653, 0.8055
1, 0.1287, 0.8052
150, 0.1285, 0.7995
1, 0.1310, 0.7755
12, 22.5640

0.8000

10, 0.1563, 0.7886
1, 0.1448, 0.8087
20, 0.1273, 0.7890
1, 0.1525, 0.7791
30, 0.1788, 0.7994
1, 0.1172, 0.8230
40, 0.1527, 0.8093
1, 0.1811, 0.7856
50, 0.1459, 0.8063
1, 0.1506, 0.7996
60, 0.1354, 0.7918
1, 0.1713, 0.7831
70, 0.1615, 0.7937
1, 0.1426, 0.8023
80, 0.1605, 0.7971
1, 0.1531, 0.8020
90, 0.1577, 0.8109
1, 0.1642, 0.7980
100, 0.1592, 0.8039
1, 0.1386, 0.7846
110, 0.1581, 0.7873
1, 0.1453, 0.8037
120, 0.1551, 0.7976
1, 0.1281, 0.7865
130, 0.1137, 0.8044
1, 0.1385, 0.7927
140, 0.1269, 0.8040
1, 0.1257, 0.8184
150, 0.1619, 0.8013
1, 0.1605, 0.8026
13, 22.3776

0.8030

10, 0.1400, 0.7787
1, 0.1380, 0.8043
20, 0.1226, 0.8053
1, 0.1156, 0.7849
30, 0.1643, 0.8056
1, 0.1447, 0.7947
40, 0.1391, 0.8122
1, 0.1630, 0.7974
50, 0.1347, 0.8010
1, 0.1266, 0.8012
60, 0.1270, 0.8231
1, 0.1494, 0.7890
70, 0.1727, 0.7920
1, 0.1607, 0.7873
80, 0.1366, 0.8053
1, 0.1141, 0.7935
90, 0.1521, 0.7922
1, 0.1745, 0.7996
100, 0.1496, 0.8070
1, 0.1358, 0.8157
110, 0.1042, 0.8261
1, 0.1552, 0.7965
120, 0.1318, 0.8029
1, 0.1414, 0.7861
130, 0.1512, 0.7971
1, 0.1796, 0.7912
140, 0.1252, 0.8001
1, 0.1789, 0.7927
150, 0.1313, 0.8151
1, 0.1634, 0.8072
14, 22.2763

0.8035

10, 0.1542, 0.8091
1, 0.1596, 0.7972
20, 0.1423, 0.8192
1, 0.1476, 0.7864
30, 0.1389, 0.8140
1, 0.1441, 0.8033
40, 0.1224, 0.8279
1, 0.1324, 0.8032
50, 0.1552, 0.8125
1, 0.1852, 0.7854
60, 0.1176, 0.8025
1, 0.1349, 0.7880
70, 0.1090, 0.8129
1, 0.1224, 0.8113
80, 0.1149, 0.8102
1, 0.1172, 0.7949
90, 0.1501, 0.8188
1, 0.1478, 0.8019
100, 0.1237, 0.8137
1, 0.1650, 0.8013
110, 0.1364, 0.7969
1, 0.1360, 0.8152
120, 0.1546, 0.8195
1, 0.1402, 0.8110
130, 0.1401, 0.7969
1, 0.1528, 0.7955
140, 0.1363, 0.8087
1, 0.1629, 0.8015
150, 0.1443, 0.8121
1, 0.1361, 0.8153
15, 22.1205

0.8040

10, 0.1203, 0.8045
1, 0.1608, 0.7819
20, 0.1074, 0.8203
1, 0.1190, 0.8040
30, 0.1155, 0.8073
1, 0.1376, 0.8036
40, 0.1628, 0.8156
1, 0.1846, 0.7932
50, 0.1307, 0.8229
1, 0.1290, 0.8101
60, 0.1159, 0.8012
1, 0.1623, 0.7989
70, 0.1260, 0.8115
1, 0.1534, 0.8096
80, 0.1372, 0.8097
1, 0.1461, 0.8188
90, 0.1223, 0.8000
1, 0.1583, 0.7898
100, 0.1240, 0.8220
1, 0.1443, 0.8077
110, 0.1331, 0.8093
1, 0.1031, 0.8041
120, 0.1499, 0.8113
1, 0.1578, 0.7869
130, 0.1620, 0.8164
1, 0.1453, 0.8199
140, 0.1566, 0.8182
1, 0.1496, 0.8134
150, 0.1604, 0.7952
1, 0.1159, 0.8057
16, 22.0157

0.8051

10, 0.1423, 0.8159
1, 0.1488, 0.8078
20, 0.1258, 0.8211
1, 0.1558, 0.8104
30, 0.1554, 0.8116
1, 0.1522, 0.7958
40, 0.1544, 0.8029
1, 0.1429, 0.7964
50, 0.1301, 0.8039
1, 0.1584, 0.8012
60, 0.1366, 0.8132
1, 0.1284, 0.8095
70, 0.1368, 0.8073
1, 0.1505, 0.8080
80, 0.1298, 0.8199
1, 0.1578, 0.8012
90, 0.1288, 0.8178
1, 0.1433, 0.8083
100, 0.1255, 0.8021
1, 0.1589, 0.8003
110, 0.1206, 0.8193
1, 0.1267, 0.8014
120, 0.1308, 0.8264
1, 0.1369, 0.8074
130, 0.1414, 0.7919
1, 0.1413, 0.7953
140, 0.1479, 0.8173
1, 0.1724, 0.7915
150, 0.1676, 0.7878
1, 0.1587, 0.7978
17, 21.8558

0.8026

10, 0.1333, 0.8156
1, 0.1829, 0.8007
20, 0.1681, 0.8038
1, 0.1218, 0.8094
30, 0.1360, 0.8156
1, 0.1549, 0.7925
40, 0.1628, 0.8140
1, 0.1183, 0.8034
50, 0.1410, 0.8048
1, 0.1262, 0.7985
60, 0.1286, 0.8211
1, 0.1632, 0.7942
70, 0.1166, 0.8151
1, 0.1341, 0.8062
80, 0.1217, 0.8096
1, 0.1320, 0.8102
90, 0.1402, 0.8238
1, 0.1497, 0.8132
100, 0.1191, 0.7991
1, 0.1641, 0.7959
110, 0.1152, 0.8366
1, 0.1285, 0.7913
120, 0.1353, 0.8087
1, 0.1416, 0.7983
130, 0.1273, 0.8086
1, 0.1591, 0.8089
140, 0.1605, 0.7907
1, 0.1654, 0.7959
150, 0.1153, 0.8387
1, 0.1353, 0.8059
18, 21.7714

0.8065

10, 0.1324, 0.8190
1, 0.1416, 0.8041
20, 0.1494, 0.8039
1, 0.1114, 0.8047
30, 0.1423, 0.8126
1, 0.1219, 0.8131
40, 0.1226, 0.8090
1, 0.1435, 0.8039
50, 0.1334, 0.8133
1, 0.1551, 0.7879
60, 0.1541, 0.7928
1, 0.1226, 0.8109
70, 0.1571, 0.8011
1, 0.1464, 0.8040
80, 0.1615, 0.7983
1, 0.1548, 0.8081
90, 0.1411, 0.8260
1, 0.1463, 0.8029
100, 0.1368, 0.8016
1, 0.1637, 0.8086
110, 0.1254, 0.8281
1, 0.1419, 0.8177
120, 0.1266, 0.8117
1, 0.1172, 0.8103
130, 0.1417, 0.8271
1, 0.1864, 0.7959
140, 0.1410, 0.8107
1, 0.1451, 0.7986
150, 0.1425, 0.8048
1, 0.1276, 0.8061
19, 21.6660

0.8074

10, 0.1570, 0.8060
1, 0.1403, 0.8248
20, 0.1107, 0.8225
1, 0.1571, 0.8171
30, 0.1201, 0.8065
1, 0.1089, 0.8038
40, 0.1346, 0.8296
1, 0.1598, 0.7933
50, 0.1643, 0.8108
1, 0.1504, 0.7951
60, 0.1112, 0.8186
1, 0.1454, 0.8080
70, 0.1294, 0.8198
1, 0.1336, 0.8077
80, 0.1144, 0.8281
1, 0.1423, 0.8130
90, 0.1002, 0.8380
1, 0.1453, 0.7924
100, 0.1040, 0.8169
1, 0.1625, 0.7917
110, 0.0990, 0.8407
1, 0.1665, 0.7917
120, 0.1417, 0.8241
1, 0.1768, 0.7919
130, 0.1411, 0.8045
1, 0.1610, 0.7985
140, 0.1438, 0.8101
1, 0.1567, 0.7971
150, 0.1535, 0.7939
1, 0.1460, 0.8000
20, 21.5684

0.8080

10, 0.1743, 0.8009
1, 0.1065, 0.8358
20, 0.1111, 0.8121
1, 0.1234, 0.8266
30, 0.1759, 0.8023
1, 0.1392, 0.7946
40, 0.1357, 0.8151
1, 0.1536, 0.7879
50, 0.1578, 0.7962
1, 0.1368, 0.7927
60, 0.1166, 0.8262
1, 0.1187, 0.8232
70, 0.1657, 0.7924
1, 0.1205, 0.8260
80, 0.1562, 0.8162
1, 0.1395, 0.8055
90, 0.1171, 0.8138
1, 0.1314, 0.8121
100, 0.1397, 0.8161
1, 0.1760, 0.7885
110, 0.1627, 0.8033
1, 0.1414, 0.7979
120, 0.1288, 0.8083
1, 0.1398, 0.8023
130, 0.1188, 0.8150
1, 0.1318, 0.7990
140, 0.1014, 0.8429
1, 0.1709, 0.7975
150, 0.1330, 0.8203
1, 0.1240, 0.8213
21, 21.4113

0.8089

10, 0.1316, 0.8088
1, 0.1670, 0.7878
20, 0.1411, 0.8164
1, 0.1272, 0.8179
30, 0.1441, 0.8055
1, 0.1352, 0.8253
40, 0.1424, 0.8183
1, 0.1503, 0.8010
50, 0.1326, 0.7929
1, 0.1459, 0.7911
60, 0.1474, 0.8197
1, 0.1241, 0.8098
70, 0.1458, 0.8214
1, 0.1093, 0.8292
80, 0.1294, 0.8187
1, 0.1148, 0.8298
90, 0.1156, 0.7907
1, 0.1370, 0.8087
100, 0.1456, 0.8033
1, 0.1251, 0.8124
110, 0.1295, 0.8130
1, 0.1388, 0.8106
120, 0.1450, 0.8109
1, 0.1592, 0.8177
130, 0.1220, 0.8055
1, 0.1617, 0.7839
140, 0.1299, 0.8155
1, 0.1737, 0.7955
150, 0.1250, 0.8197
1, 0.1849, 0.7814
22, 21.2839

0.8082

10, 0.1456, 0.8219
1, 0.1577, 0.8074
20, 0.1327, 0.8185
1, 0.1421, 0.7999
30, 0.1651, 0.7979
1, 0.1643, 0.8008
40, 0.1164, 0.8342
1, 0.1570, 0.8218
50, 0.1289, 0.8238
1, 0.1275, 0.8045
60, 0.1724, 0.8169
1, 0.1286, 0.8111
70, 0.1350, 0.8156
1, 0.1382, 0.8038
80, 0.1443, 0.7994
1, 0.1430, 0.7912
90, 0.1352, 0.8024
1, 0.1247, 0.8019
100, 0.1216, 0.8239
1, 0.1358, 0.8082
110, 0.1709, 0.8034
1, 0.1343, 0.8157
120, 0.1301, 0.8216
1, 0.1354, 0.8042
130, 0.1538, 0.8190
1, 0.1832, 0.7843
140, 0.1165, 0.8460
1, 0.1263, 0.8296
150, 0.1349, 0.8459
1, 0.1144, 0.8007
23, 21.2208

0.8095

10, 0.1347, 0.8322
1, 0.1666, 0.7838
20, 0.1499, 0.8010
1, 0.1496, 0.8133
30, 0.1448, 0.8076
1, 0.1593, 0.8025
40, 0.1487, 0.8173
1, 0.1564, 0.8109
50, 0.1193, 0.8225
1, 0.1496, 0.8005
60, 0.1182, 0.8112
1, 0.1057, 0.8205
70, 0.1509, 0.8094
1, 0.1608, 0.7838
80, 0.1226, 0.8248
1, 0.1306, 0.8098
90, 0.1442, 0.8066
1, 0.1714, 0.7904
100, 0.1175, 0.8162
1, 0.1690, 0.7962
110, 0.1545, 0.8022
1, 0.1492, 0.8159
120, 0.1354, 0.7998
1, 0.1277, 0.8122
130, 0.1225, 0.8262
1, 0.1589, 0.7898
140, 0.1595, 0.8100
1, 0.1517, 0.8222
150, 0.1316, 0.8021
1, 0.1576, 0.7994
24, 21.1716

0.8104

10, 0.1465, 0.8033
1, 0.1237, 0.8117
20, 0.1377, 0.8184
1, 0.1326, 0.8118
30, 0.1368, 0.8199
1, 0.1314, 0.8034
40, 0.1311, 0.8180
1, 0.1544, 0.8074
50, 0.1249, 0.8279
1, 0.1217, 0.8065
60, 0.1296, 0.7997
1, 0.1166, 0.7997
70, 0.1085, 0.8096
1, 0.1384, 0.8043
80, 0.1424, 0.8035
1, 0.1540, 0.8056
90, 0.1321, 0.8102
1, 0.1527, 0.8082
100, 0.1112, 0.8343
1, 0.1382, 0.8079
110, 0.1133, 0.8259
1, 0.1490, 0.8228
120, 0.1284, 0.8230
1, 0.1758, 0.7951
130, 0.1276, 0.8100
1, 0.1261, 0.8078
140, 0.1150, 0.8320
1, 0.1457, 0.8050
150, 0.1510, 0.8050
1, 0.1225, 0.8231
25, 21.1078

0.8095

10, 0.1494, 0.8110
1, 0.1544, 0.8054
20, 0.1334, 0.8198
1, 0.1313, 0.7977
30, 0.1294, 0.8098
1, 0.1510, 0.8065
40, 0.1276, 0.8216
1, 0.1646, 0.7939
50, 0.1364, 0.8471
1, 0.1316, 0.8095
60, 0.1348, 0.8177
1, 0.1270, 0.8076
70, 0.1171, 0.8336
1, 0.1403, 0.8027
80, 0.1508, 0.8121
1, 0.1476, 0.8099
90, 0.1106, 0.8296
1, 0.1396, 0.8180
100, 0.1160, 0.8257
1, 0.1282, 0.8186
110, 0.1431, 0.8249
1, 0.1394, 0.8007
120, 0.1460, 0.8109
1, 0.1217, 0.8189
130, 0.1629, 0.8255
1, 0.1077, 0.8261
140, 0.1097, 0.8167
1, 0.1546, 0.8151
150, 0.1428, 0.8008
1, 0.1359, 0.8181
26, 21.0022

0.8104

10, 0.1242, 0.8169
1, 0.1490, 0.8067
20, 0.1382, 0.8021
1, 0.1255, 0.7837
30, 0.1285, 0.8175
1, 0.1559, 0.8078
40, 0.1550, 0.8090
1, 0.1444, 0.8112
50, 0.1516, 0.8025
1, 0.1672, 0.8093
60, 0.1347, 0.8259
1, 0.1529, 0.7752
70, 0.1602, 0.8052
1, 0.1547, 0.8083
80, 0.1212, 0.8283
1, 0.1454, 0.8101
90, 0.1073, 0.8364
1, 0.1511, 0.8139
100, 0.1420, 0.8321
1, 0.1331, 0.8199
110, 0.1431, 0.8130
1, 0.1512, 0.8075
120, 0.1139, 0.8215
1, 0.1570, 0.7948
130, 0.1128, 0.8319
1, 0.1530, 0.7931
140, 0.1185, 0.8214
1, 0.1183, 0.8387
150, 0.1414, 0.8158
1, 0.1589, 0.7950
27, 20.9265

0.8101

10, 0.1199, 0.8183
1, 0.1360, 0.8071
20, 0.0880, 0.8524
1, 0.1346, 0.8167
30, 0.1481, 0.8289
1, 0.1301, 0.8267
40, 0.1704, 0.7818
1, 0.1316, 0.8124
50, 0.1117, 0.8111
1, 0.1413, 0.7907
60, 0.1265, 0.8135
1, 0.1261, 0.8075
70, 0.1165, 0.8327
1, 0.1596, 0.7840
80, 0.1321, 0.8249
1, 0.1299, 0.8170
90, 0.1177, 0.8200
1, 0.1615, 0.8091
100, 0.1277, 0.8297
1, 0.1354, 0.8135
110, 0.1324, 0.8135
1, 0.1398, 0.8062
120, 0.1693, 0.8170
1, 0.1254, 0.8287
130, 0.1234, 0.8125
1, 0.1236, 0.7984
140, 0.1160, 0.8235
1, 0.1301, 0.8120
150, 0.1459, 0.8236
1, 0.1512, 0.8114
28, 20.8677

0.8118

10, 0.1652, 0.7906
1, 0.1470, 0.8186
20, 0.1341, 0.8126
1, 0.1356, 0.8176
30, 0.1201, 0.8409
1, 0.1380, 0.8261
40, 0.1421, 0.7964
1, 0.1270, 0.8264
50, 0.1143, 0.8142
1, 0.1608, 0.8164
60, 0.1367, 0.8236
1, 0.1594, 0.8054
70, 0.1413, 0.8196
1, 0.1345, 0.8191
80, 0.1012, 0.8333
1, 0.1554, 0.7982
90, 0.1119, 0.8252
1, 0.1631, 0.7943
100, 0.1212, 0.8292
1, 0.1141, 0.8334
110, 0.1381, 0.8150
1, 0.1354, 0.8002
120, 0.1446, 0.8199
1, 0.1256, 0.8142
130, 0.1390, 0.8183
1, 0.1392, 0.8015
140, 0.1388, 0.8202
1, 0.1199, 0.8107
150, 0.1283, 0.8215
1, 0.1477, 0.8068
29, 20.7722

0.8112

10, 0.1605, 0.8147
1, 0.1542, 0.8099
20, 0.1261, 0.8114
1, 0.1300, 0.8122
30, 0.1261, 0.8307
1, 0.1213, 0.8140
40, 0.1353, 0.8083
1, 0.1597, 0.7949
50, 0.1045, 0.8326
1, 0.1399, 0.8076
60, 0.1332, 0.8106
1, 0.1125, 0.8287
70, 0.1400, 0.8062
1, 0.1357, 0.7976
80, 0.1287, 0.8200
1, 0.1538, 0.7937
90, 0.1424, 0.8164
1, 0.1561, 0.7973
100, 0.1268, 0.7963
1, 0.1410, 0.8111
110, 0.1073, 0.8252
1, 0.1906, 0.7845
120, 0.1370, 0.8218
1, 0.1562, 0.7979
130, 0.1750, 0.7980
1, 0.1211, 0.8152
140, 0.1376, 0.8012
1, 0.1410, 0.8193
150, 0.1393, 0.8204
1, 0.1528, 0.8068
30, 20.7299

0.8109

10, 0.1220, 0.8240
1, 0.1716, 0.8152
20, 0.1370, 0.8154
1, 0.1406, 0.7946
30, 0.1237, 0.8176
1, 0.1338, 0.8028
40, 0.1106, 0.8252
1, 0.1294, 0.8207
50, 0.1411, 0.8347
1, 0.1380, 0.7964
60, 0.1103, 0.8385
1, 0.1187, 0.8217
70, 0.1326, 0.8108
1, 0.1426, 0.7995
80, 0.1428, 0.8133
1, 0.1380, 0.8232
90, 0.1349, 0.8228
1, 0.1273, 0.8176
100, 0.1189, 0.8318
1, 0.1905, 0.8072
110, 0.1533, 0.7932
1, 0.1086, 0.8185
120, 0.1512, 0.8067
1, 0.1290, 0.8060
130, 0.1067, 0.8338
1, 0.1808, 0.7950
140, 0.1343, 0.8299
1, 0.1240, 0.7983
150, 0.1353, 0.8244
1, 0.1412, 0.8001
31, 20.6613

0.8123

10, 0.1436, 0.8150
1, 0.1312, 0.8070
20, 0.1363, 0.8187
1, 0.1377, 0.8147
30, 0.1281, 0.8330
1, 0.1276, 0.8097
40, 0.1370, 0.8148
1, 0.1527, 0.8020
50, 0.1499, 0.8104
1, 0.1280, 0.7888
60, 0.1467, 0.8122
1, 0.1231, 0.8165
70, 0.1396, 0.8189
1, 0.1213, 0.8088
80, 0.1562, 0.8120
1, 0.1551, 0.8076
90, 0.1180, 0.8147
1, 0.1602, 0.8088
100, 0.1103, 0.8301
1, 0.1428, 0.8080
110, 0.1480, 0.8059
1, 0.1477, 0.8135
120, 0.1359, 0.8124
1, 0.1387, 0.8214
130, 0.1380, 0.8312
1, 0.1323, 0.8276
140, 0.1302, 0.8319
1, 0.1476, 0.8015
150, 0.1385, 0.8241
1, 0.1527, 0.8027
32, 20.5866

0.8129

10, 0.1405, 0.8172
1, 0.1147, 0.8078
20, 0.1137, 0.8377
1, 0.1346, 0.8173
30, 0.1336, 0.8162
1, 0.1321, 0.8066
40, 0.1239, 0.8234
1, 0.1514, 0.7994
50, 0.1135, 0.8212
1, 0.1318, 0.8197
60, 0.1169, 0.7975
1, 0.1482, 0.8191
70, 0.1269, 0.8266
1, 0.1919, 0.7797
80, 0.1448, 0.8174
1, 0.1342, 0.8120
90, 0.1288, 0.8309
1, 0.1250, 0.8181
100, 0.1445, 0.8104
1, 0.1430, 0.8071
110, 0.1160, 0.8262
1, 0.1237, 0.8183
120, 0.1459, 0.8325
1, 0.1606, 0.7835
130, 0.1520, 0.8099
1, 0.1264, 0.8063
140, 0.1506, 0.7905
1, 0.1356, 0.8118
150, 0.1229, 0.8140
1, 0.1539, 0.8092
33, 20.5374

0.8105

10, 0.1159, 0.8236
1, 0.1543, 0.7946
20, 0.1288, 0.8203
1, 0.1239, 0.8208
30, 0.1246, 0.8293
1, 0.1268, 0.8267
40, 0.1144, 0.8315
1, 0.1166, 0.8218
50, 0.1375, 0.8230
1, 0.1539, 0.8077
60, 0.1310, 0.8129
1, 0.1230, 0.8200
70, 0.1393, 0.8132
1, 0.1491, 0.8080
80, 0.1174, 0.8313
1, 0.1543, 0.8008
90, 0.1169, 0.8276
1, 0.1397, 0.8138
100, 0.1582, 0.8142
1, 0.1584, 0.8054
110, 0.1840, 0.8059
1, 0.1160, 0.8092
120, 0.1234, 0.8092
1, 0.1467, 0.8118
130, 0.1461, 0.8197
1, 0.1271, 0.8242
140, 0.1502, 0.8177
1, 0.1269, 0.8153
150, 0.1386, 0.8186
1, 0.1316, 0.8226
34, 20.4436

0.8128

10, 0.1509, 0.8184
1, 0.1123, 0.8446
20, 0.1232, 0.8528
1, 0.1189, 0.8249
30, 0.1530, 0.8213
1, 0.1331, 0.8151
40, 0.1252, 0.8271
1, 0.1505, 0.8048
50, 0.1133, 0.8174
1, 0.1827, 0.7842
60, 0.1301, 0.8318
1, 0.1450, 0.8063
70, 0.1191, 0.8302
1, 0.1387, 0.7936
80, 0.1318, 0.8266
1, 0.1520, 0.8006
90, 0.1522, 0.8092
1, 0.1462, 0.8137
100, 0.1149, 0.8332
1, 0.1440, 0.8071
110, 0.1159, 0.8370
1, 0.1075, 0.8193
120, 0.1275, 0.8253
1, 0.1473, 0.8152
130, 0.1367, 0.8164
1, 0.1612, 0.8126
140, 0.1161, 0.8360
1, 0.1321, 0.8228
150, 0.1259, 0.8206
1, 0.1393, 0.8141
35, 20.3812

0.8111

10, 0.1371, 0.8376
1, 0.1469, 0.8079
20, 0.1374, 0.8191
1, 0.1654, 0.7973
30, 0.1201, 0.8367
1, 0.1141, 0.7892
40, 0.1265, 0.8301
1, 0.1339, 0.8183
50, 0.1348, 0.8335
1, 0.1357, 0.7979
60, 0.1235, 0.8155
1, 0.1600, 0.8101
70, 0.1175, 0.8196
1, 0.1380, 0.8190
80, 0.1249, 0.8085
1, 0.1311, 0.8250
90, 0.1323, 0.8201
1, 0.1298, 0.8126
100, 0.1229, 0.8179
1, 0.1217, 0.8080
110, 0.1413, 0.7965
1, 0.1344, 0.8181
120, 0.1023, 0.8252
1, 0.1462, 0.8170
130, 0.1292, 0.8211
1, 0.1437, 0.8258
140, 0.1287, 0.8102
1, 0.1190, 0.8216
150, 0.1514, 0.8159
1, 0.1696, 0.7962
36, 20.3529

0.8113

10, 0.1743, 0.8171
1, 0.1471, 0.8178
20, 0.1425, 0.8168
1, 0.0917, 0.8240
30, 0.1335, 0.8199
1, 0.1543, 0.7873
40, 0.1394, 0.8139
1, 0.1427, 0.7939
50, 0.1278, 0.8231
1, 0.1674, 0.7995
60, 0.1363, 0.8323
1, 0.1443, 0.8076
70, 0.1052, 0.8262
1, 0.1141, 0.8245
80, 0.1053, 0.8158
1, 0.1179, 0.8129
90, 0.1617, 0.8039
1, 0.1582, 0.8152
100, 0.1242, 0.8158
1, 0.1340, 0.8096
110, 0.1276, 0.8207
1, 0.1587, 0.7931
120, 0.1405, 0.8303
1, 0.1199, 0.8148
130, 0.1430, 0.8135
1, 0.1578, 0.7966
140, 0.1097, 0.8267
1, 0.1514, 0.7916
150, 0.1319, 0.8124
1, 0.1305, 0.8157
37, 20.2705

0.8129

10, 0.1314, 0.8265
1, 0.1198, 0.8187
20, 0.1196, 0.8383
1, 0.1094, 0.8297
30, 0.1505, 0.8169
1, 0.1410, 0.8181
40, 0.1502, 0.8323
1, 0.1324, 0.8161
50, 0.1384, 0.8233
1, 0.1222, 0.8241
60, 0.1346, 0.8285
1, 0.1343, 0.7982
70, 0.1483, 0.8190
1, 0.1565, 0.8100
80, 0.1242, 0.8295
1, 0.1796, 0.7980
90, 0.1191, 0.8314
1, 0.1671, 0.8105
100, 0.1117, 0.8338
1, 0.1384, 0.8245
110, 0.1362, 0.8081
1, 0.1243, 0.7982
120, 0.1437, 0.8187
1, 0.1499, 0.8188
130, 0.1320, 0.8054
1, 0.1606, 0.8161
140, 0.1175, 0.8346
1, 0.1529, 0.8021
150, 0.1385, 0.8081
1, 0.1545, 0.7984
38, 20.2368

0.8138

10, 0.1222, 0.8317
1, 0.1340, 0.8154
20, 0.1279, 0.8282
1, 0.1460, 0.8132
30, 0.1346, 0.8164
1, 0.1447, 0.8107
40, 0.1113, 0.8169
1, 0.1560, 0.8246
50, 0.1247, 0.8366
1, 0.1233, 0.8227
60, 0.1231, 0.8208
1, 0.1771, 0.7982
70, 0.1139, 0.8244
1, 0.1617, 0.8061
80, 0.1348, 0.7969
1, 0.1601, 0.8012
90, 0.1289, 0.8197
1, 0.1348, 0.8150
100, 0.1533, 0.8352
1, 0.1240, 0.8075
110, 0.1433, 0.8244
1, 0.1101, 0.8327
120, 0.1446, 0.8123
1, 0.1216, 0.8214
130, 0.1577, 0.8163
1, 0.1482, 0.8059
140, 0.0878, 0.8453
1, 0.1343, 0.8194
150, 0.1125, 0.8432
1, 0.1489, 0.8064
39, 20.2209

0.8136

10, 0.1510, 0.8141
1, 0.1433, 0.8138
20, 0.1490, 0.7948
1, 0.1439, 0.8278
30, 0.1205, 0.8473
1, 0.1317, 0.8279
40, 0.1447, 0.8178
1, 0.1346, 0.8211
50, 0.1344, 0.8244
1, 0.1501, 0.8068
60, 0.1560, 0.8107
1, 0.1525, 0.8039
70, 0.1500, 0.8139
1, 0.1613, 0.8009
80, 0.1249, 0.8263
1, 0.1078, 0.8226
90, 0.1185, 0.8212
1, 0.1538, 0.8107
100, 0.0884, 0.8348
1, 0.1203, 0.8126
110, 0.1357, 0.8095
1, 0.1172, 0.8228
120, 0.1161, 0.8173
1, 0.0996, 0.8243
130, 0.1091, 0.8354
1, 0.1500, 0.8060
140, 0.1464, 0.8288
1, 0.1580, 0.8182
150, 0.1333, 0.8191
1, 0.1517, 0.8114
40, 20.1804

0.8127

10, 0.0991, 0.8432
1, 0.1530, 0.7995
20, 0.1252, 0.8314
1, 0.1110, 0.8041
30, 0.1196, 0.8311
1, 0.1344, 0.8103
40, 0.1247, 0.8312
1, 0.1386, 0.8248
50, 0.1492, 0.8119
1, 0.1176, 0.8137
60, 0.1103, 0.8309
1, 0.1725, 0.8050
70, 0.1509, 0.8046
1, 0.1407, 0.8193
80, 0.1539, 0.8138
1, 0.1566, 0.8074
90, 0.1218, 0.8374
1, 0.1688, 0.8097
100, 0.1586, 0.8143
1, 0.1580, 0.8026
110, 0.1340, 0.8145
1, 0.1562, 0.7868
120, 0.1034, 0.8292
1, 0.1134, 0.8155
130, 0.1333, 0.8294
1, 0.1278, 0.8208
140, 0.1066, 0.8377
1, 0.1296, 0.8051
150, 0.1273, 0.8324
1, 0.1805, 0.8143
41, 20.0598

0.8153

10, 0.1228, 0.8274
1, 0.1484, 0.8127
20, 0.1237, 0.8287
1, 0.1390, 0.7921
30, 0.1393, 0.8242
1, 0.1570, 0.7936
40, 0.1425, 0.8349
1, 0.1169, 0.8339
50, 0.1321, 0.8213
1, 0.1164, 0.8346
60, 0.1191, 0.8425
1, 0.1472, 0.8104
70, 0.1275, 0.8279
1, 0.1225, 0.8229
80, 0.1269, 0.8174
1, 0.1085, 0.8194
90, 0.1256, 0.8153
1, 0.1399, 0.8298
100, 0.0997, 0.8442
1, 0.1467, 0.8062
110, 0.1221, 0.8096
1, 0.1341, 0.8229
120, 0.1530, 0.7941
1, 0.1108, 0.8124
130, 0.1488, 0.8078
1, 0.1468, 0.8183
140, 0.1259, 0.8274
1, 0.1469, 0.8070
150, 0.1293, 0.8425
1, 0.1298, 0.8011
42, 20.0003

0.8149

10, 0.1393, 0.8142
1, 0.1469, 0.8124
20, 0.1302, 0.8423
1, 0.1579, 0.8054
30, 0.1254, 0.8257
1, 0.1342, 0.7991
40, 0.1491, 0.8103
1, 0.1491, 0.8068
50, 0.1209, 0.8168
1, 0.1287, 0.8242
60, 0.1395, 0.8269
1, 0.1669, 0.8001
70, 0.1333, 0.8177
1, 0.1781, 0.7847
80, 0.1484, 0.8093
1, 0.1353, 0.8173
90, 0.1428, 0.8277
1, 0.1326, 0.8254
100, 0.1085, 0.8234
1, 0.1538, 0.8135
110, 0.1138, 0.8335
1, 0.1686, 0.8131
120, 0.0989, 0.8306
1, 0.1599, 0.8057
130, 0.1221, 0.8411
1, 0.1755, 0.8077
140, 0.1400, 0.8226
1, 0.1213, 0.8155
150, 0.1192, 0.8333
1, 0.1327, 0.8087
43, 19.9675

0.8135

10, 0.1223, 0.8339
1, 0.1317, 0.8234
20, 0.1182, 0.8279
1, 0.1453, 0.8251
30, 0.1292, 0.8139
1, 0.1297, 0.8134
40, 0.1144, 0.8301
1, 0.1414, 0.8230
50, 0.1246, 0.8105
1, 0.1698, 0.8045
60, 0.1451, 0.8327
1, 0.1681, 0.8101
70, 0.1250, 0.8202
1, 0.1434, 0.8097
80, 0.1016, 0.8179
1, 0.1523, 0.8079
90, 0.1590, 0.8094
1, 0.1416, 0.8159
100, 0.1493, 0.8327
1, 0.1233, 0.8109
110, 0.1494, 0.8120
1, 0.1259, 0.8207
120, 0.1303, 0.8113
1, 0.1315, 0.8172
130, 0.1453, 0.8152
1, 0.1510, 0.8106
140, 0.1202, 0.8348
1, 0.1734, 0.7959
150, 0.1180, 0.8265
1, 0.1289, 0.8131
44, 19.9383

0.8102

10, 0.1241, 0.8471
1, 0.1447, 0.8011
20, 0.1215, 0.8258
1, 0.1332, 0.8302
30, 0.1371, 0.8372
1, 0.1397, 0.8214
40, 0.1185, 0.8200
1, 0.1272, 0.8094
50, 0.1098, 0.8342
1, 0.1122, 0.8336
60, 0.1716, 0.8064
1, 0.1392, 0.8219
70, 0.1482, 0.7966
1, 0.1482, 0.8100
80, 0.0992, 0.8283
1, 0.1305, 0.8134
90, 0.1174, 0.8126
1, 0.1382, 0.8160
100, 0.1012, 0.8623
1, 0.1397, 0.8097
110, 0.1531, 0.8144
1, 0.1504, 0.7981
120, 0.1401, 0.8175
1, 0.1416, 0.8109
130, 0.1330, 0.8056
1, 0.1545, 0.7971
140, 0.1362, 0.8163
1, 0.1452, 0.7980
150, 0.1301, 0.8275
1, 0.1434, 0.7844
45, 19.9387

0.8146

10, 0.1228, 0.8305
1, 0.1729, 0.8086
20, 0.1231, 0.8355
1, 0.1396, 0.8178
30, 0.1391, 0.8021
1, 0.1412, 0.8039
40, 0.1215, 0.8321
1, 0.1502, 0.8039
50, 0.1300, 0.8181
1, 0.1412, 0.7905
60, 0.1242, 0.8308
1, 0.1130, 0.8250
70, 0.0964, 0.8535
1, 0.1515, 0.7997
80, 0.1174, 0.8276
1, 0.1490, 0.8134
90, 0.1011, 0.8393
1, 0.1385, 0.8068
100, 0.1031, 0.8280
1, 0.1335, 0.8119
110, 0.1291, 0.8219
1, 0.1269, 0.8058
120, 0.1338, 0.8183
1, 0.1348, 0.8230
130, 0.1116, 0.8400
1, 0.1536, 0.8142
140, 0.1195, 0.8423
1, 0.1300, 0.8072
150, 0.1309, 0.8167
1, 0.1420, 0.8107
46, 19.8339

0.8141

10, 0.1406, 0.8361
1, 0.1710, 0.8037
20, 0.1193, 0.8233
1, 0.1344, 0.8178
30, 0.1531, 0.8048
1, 0.1378, 0.8103
40, 0.1296, 0.8204
1, 0.1439, 0.7924
50, 0.1251, 0.8093
1, 0.1351, 0.8199
60, 0.1413, 0.8134
1, 0.1499, 0.7988
70, 0.1333, 0.8126
1, 0.1181, 0.8268
80, 0.1053, 0.8215
1, 0.1490, 0.8056
90, 0.1322, 0.8201
1, 0.1761, 0.8042
100, 0.1405, 0.8274
1, 0.1499, 0.8268
110, 0.1461, 0.8275
1, 0.1129, 0.8231
120, 0.1204, 0.8250
1, 0.1195, 0.8139
130, 0.1552, 0.8189
1, 0.1212, 0.8245
140, 0.1456, 0.8211
1, 0.1365, 0.8072
150, 0.1252, 0.8243
1, 0.1345, 0.8249
47, 19.8092

0.8109

10, 0.1377, 0.8134
1, 0.1340, 0.8224
20, 0.1264, 0.8360
1, 0.1332, 0.8067
30, 0.1296, 0.8367
1, 0.1202, 0.8094
40, 0.1080, 0.8186
1, 0.1569, 0.8095
50, 0.1186, 0.8339
1, 0.1290, 0.8180
60, 0.1099, 0.8389
1, 0.1533, 0.8032
70, 0.1225, 0.8258
1, 0.1390, 0.7968
80, 0.1437, 0.8236
1, 0.1316, 0.8125
90, 0.1389, 0.8240
1, 0.1436, 0.8191
100, 0.1000, 0.8229
1, 0.1487, 0.8033
110, 0.1441, 0.8099
1, 0.1450, 0.8148
120, 0.1316, 0.8320
1, 0.1438, 0.8095
130, 0.1431, 0.8236
1, 0.1530, 0.8122
140, 0.1373, 0.8112
1, 0.1265, 0.8151
150, 0.1367, 0.8207
1, 0.1244, 0.8083
48, 19.7782

0.8156

10, 0.1394, 0.8271
1, 0.1213, 0.8024
20, 0.1059, 0.8372
1, 0.1206, 0.8038
30, 0.1689, 0.8120
1, 0.1548, 0.8172
40, 0.1291, 0.8388
1, 0.1384, 0.8179
50, 0.1110, 0.8417
1, 0.1127, 0.8313
60, 0.0917, 0.8445
1, 0.1238, 0.8160
70, 0.1311, 0.8343
1, 0.1291, 0.8151
80, 0.1041, 0.8215
1, 0.1434, 0.7960
90, 0.1285, 0.8375
1, 0.1297, 0.8249
100, 0.1450, 0.8108
1, 0.1381, 0.8224
110, 0.1370, 0.8121
1, 0.1311, 0.8168
120, 0.1072, 0.8535
1, 0.1024, 0.8340
130, 0.1032, 0.8262
1, 0.1187, 0.8118
140, 0.1235, 0.8318
1, 0.1384, 0.8020
150, 0.1285, 0.8290
1, 0.1299, 0.8171
49, 19.7378

0.8156

Process finished with exit code 0
